connect : 3284.9136002794357
message : 1152.0909904474674
file : 1778.5431012215956
audio : 4214.697795174035
video : 23342.596892493744
screenshare : 20304.871476676948
