audio : 2107.3488975870173
screenshare : 10152.435738338476
message : 576.0454952237337
file : 889.2715506107978
connect : 1642.4568001397179
video : 11671.298446246874
